-9.856467277104806968e+00 -1.601610801477586277e+00 7.793330992645576272e-01 -1.601610801477586277e+00 -1.496974757666504274e+01 -1.981776662287126456e+00 7.793330992645576272e-01 -1.981776662287126456e+00 -1.247410387055006176e+01
-5.432015517570217611e+00 -3.040051299244570515e+00 -1.038917816849143305e+00 -3.040051299244570515e+00 -7.401543008495518272e+00 1.876675287317168817e-01 -1.038917816849143305e+00 1.876675287317168817e-01 -8.117613437873361093e+00
-1.828369047050881768e+00 -3.013976741059229081e+00 2.338109303219148671e+00 -3.013976741059229081e+00 4.603421787163061829e+00 -3.683422050460788189e+00 2.338109303219148671e+00 -3.683422050460788189e+00 -3.263401137851781320e-01
-2.492219792123473443e+00 -6.230395984408010790e+00 -5.770753165811604468e+00 -6.230395984408010790e+00 -2.997321012072690305e+00 4.658322456065731920e+00 -5.770753165811604468e+00 4.658322456065731920e+00 -1.452955461697839068e+00
-1.228977597593007509e+01 5.476088778542606228e+00 -2.039481371216377070e+00 5.476088778542606228e+00 -6.517090811892680691e+00 6.344781544897838188e+00 -2.039481371216377070e+00 6.344781544897838188e+00 -7.923888299849688455e-01
-5.360065450358273864e+00 3.931742574907569399e+00 -4.439243682215928466e+00 3.931742574907569399e+00 -4.311208691695704864e+00 -1.707384424094871678e+00 -4.439243682215928466e+00 -1.707384424094871678e+00 -2.655581932390667088e-01
-8.026338169069077821e+00 -4.407761671457587127e+00 -6.330214628927373077e+00 -4.407761671457587127e+00 -4.271709527124106565e+00 -5.967906378276364165e+00 -6.330214628927373077e+00 -5.967906378276364165e+00 -6.468387556066121036e+00
-9.712245715348428732e+00 2.685763395847239998e+00 -1.705821584749989350e+00 2.685763395847239998e+00 -7.132262045688374741e+00 1.262942682943078321e+00 -1.705821584749989350e+00 1.262942682943078321e+00 -6.810814168813781322e+00
-5.497946984415997385e+00 2.508461156656473512e-01 -2.940474781700327167e+00 2.508461156656473512e-01 -6.132487556714163901e+00 1.141441467431299372e+00 -2.940474781700327167e+00 1.141441467431299372e+00 -9.110767577437353992e+00
-7.440283580029327659e+00 -3.559614115080125263e+00 2.949569379113026746e-01 -3.559614115080125263e+00 -4.691220754899008583e+00 -3.822677715329789727e+00 2.949569379113026746e-01 -3.822677715329789727e+00 -3.918163855914895688e+00
1.056688204443843837e+01 2.365662971879561205e+00 -2.668471497133703685e-01 2.365662971879561205e+00 -2.664073158137125752e+00 -5.000407007017858341e+00 -2.668471497133703685e-01 -5.000407007017858341e+00 -1.668414287881429425e+00
3.937069814046457061e+00 -5.269453235098125354e+00 -4.000914382529559887e+00 -5.269453235098125354e+00 8.721911181274535352e-01 2.338564429186530624e+00 -4.000914382529559887e+00 2.338564429186530624e+00 4.325049719722035668e+00
-1.978115713446954516e+01 -4.960684724961927361e-01 2.355176390918599427e+00 -4.960684724961927361e-01 -1.592502520028665991e+01 -2.800397361821270970e+00 2.355176390918599427e+00 -2.800397361821270970e+00 -1.167464864017088466e+01
-9.696923463474595550e+00 -9.014253702882355501e-01 -2.121142279347674631e+00 -9.014253702882355501e-01 -1.395041473137183985e+01 3.834939657659455214e-01 -2.121142279347674631e+00 3.834939657659455214e-01 -1.382045136196297364e+01
-2.308038355760797522e+00 -2.666079450163457487e+00 -3.972658539140800915e+00 -2.666079450163457487e+00 2.083440486812266901e+00 4.218699558305659458e+00 -3.972658539140800915e+00 4.218699558305659458e+00 2.726317620920151730e-01
-5.607994271841117317e+00 -4.507538125571883825e-01 1.267583411183039965e+00 -4.507538125571883825e-01 -6.891367585124589468e+00 4.095451132592851651e-01 1.267583411183039965e+00 4.095451132592851651e-01 -5.943105823745429284e+00
-6.412865916826555157e+00 4.469860011227003938e+00 -1.587773206134206916e+00 4.469860011227003938e+00 -3.943754364237665455e-01 5.706660915486287955e-01 -1.587773206134206916e+00 5.706660915486287955e-01 -4.028938261103617968e+00
-3.630417385239649519e+00 -4.568071316005023697e+00 -1.696900395683131446e+00 -4.568071316005023697e+00 -3.555466419646495346e+00 4.512196336831953758e+00 -1.696900395683131446e+00 4.512196336831953758e+00 -2.601044831083066278e+00
-1.305969235483183510e+01 2.189097104319867260e+00 4.689526861839460992e+00 2.189097104319867260e+00 -1.504687574744766820e+01 -2.361987109082042124e+00 4.689526861839460992e+00 -2.361987109082042124e+00 -5.317987151937241030e+00
-1.003123410649151737e+01 -4.541248674393223439e+00 -4.114789843059477592e-01 -4.541248674393223439e+00 -4.668800288519801889e+00 -4.383645577932692383e+00 -4.114789843059477592e-01 -4.383645577932692383e+00 -9.462049747357728080e+00
-7.853155288589373839e+00 5.487523547055241480e+00 4.869058382171955746e-01 5.487523547055241480e+00 -6.086279802328784072e+00 3.894524499278153029e-01 4.869058382171955746e-01 3.894524499278153029e-01 -7.501783529255101612e+00
-7.777616534473533960e+00 -2.776532050024830944e+00 -2.303906453876284566e+00 -2.776532050024830944e+00 -2.087083508558410294e+00 -3.315226887074363304e+00 -2.303906453876284566e+00 -3.315226887074363304e+00 -8.186058144324839247e+00
-1.017818693509770256e+01 -1.433919300702956312e-01 -1.727002487336646075e+00 -1.433919300702956312e-01 -1.115388707448418870e+01 3.439298521569658651e-01 -1.727002487336646075e+00 3.439298521569658651e-01 -1.593944395075602571e+01
-5.535264643750169355e+00 2.680490619429949373e+00 -4.906950952164984558e-01 2.680490619429949373e+00 2.872116529242439431e-01 2.012450739355298168e+00 -4.906950952164984558e-01 2.012450739355298168e+00 -2.955299963057227863e+00
-5.615207355458269767e+00 2.936573571128350935e+00 -2.047905492292563689e+00 2.936573571128350935e+00 -5.271865015517179565e+00 1.497693524594092107e+00 -2.047905492292563689e+00 1.497693524594092107e+00 -6.542013777458527635e+00
-8.811634742147745669e+00 9.320213413147259152e-01 1.402398462189426764e+00 9.320213413147259152e-01 -1.393744572469343801e+01 -2.335509786299522439e+00 1.402398462189426764e+00 -2.335509786299522439e+00 -4.192934343726464341e+00
-1.611507843392165995e+01 3.352016504266683850e-01 -2.730513527431889464e+00 3.352016504266683850e-01 -1.471926000377647448e+01 2.067119669034908291e+00 -2.730513527431889464e+00 2.067119669034908291e+00 -1.042465722106660841e+01
-9.766171458494003588e+00 8.940800602404505026e-01 -5.398151463203810785e-01 8.940800602404505026e-01 -8.601009812788685593e+00 1.749318539871107969e+00 -5.398151463203810785e-01 1.749318539871107969e+00 -5.544165893106403509e+00
-4.976819468327910556e+00 1.367106949135762362e+00 -1.041344946208194733e+00 1.367106949135762362e+00 -1.676435233336319275e+00 7.357603833351702427e-01 -1.041344946208194733e+00 7.357603833351702427e-01 -3.738555839335736763e+00
-1.046693634629246006e+01 -3.121358594861242786e+00 -2.546793431236594074e+00 -3.121358594861242786e+00 -1.078083422147580706e+01 -4.649521895190608767e+00 -2.546793431236594074e+00 -4.649521895190608767e+00 -9.284900078483032004e+00
-1.374803331922920790e+01 -4.349929387800092861e+00 -1.081093441787223774e+00 -4.349929387800092861e+00 -1.203293132099321028e+01 4.020774514334088390e-01 -1.081093441787223774e+00 4.020774514334088390e-01 -1.990479830531849714e+01
5.163866258062317360e-01 -3.058500568432708899e+00 5.767237041871299263e-01 -3.058500568432708899e+00 -7.212113462823434018e-01 -7.714973782560782256e-01 5.767237041871299263e-01 -7.714973782560782256e-01 -4.296699139310680593e+00
-1.043131067596903172e+01 -5.448430653030772675e+00 -2.667105784291082582e+00 -5.448430653030772675e+00 -7.023136618352166849e+00 -3.346778127344429699e+00 -2.667105784291082582e+00 -3.346778127344429699e+00 -9.545851634420520426e+00
-2.979932386461982663e+00 -8.170753813531250742e+00 1.948748916555614663e+00 -8.170753813531250742e+00 -8.997391215295863276e+00 -4.750850020173498223e-01 1.948748916555614663e+00 -4.750850020173498223e-01 -1.012849387974746190e-01
5.596868447936468982e+00 2.908675575982260675e+00 3.767069257593835263e-01 2.908675575982260675e+00 5.694111998833847998e+00 2.488575817612302732e+00 3.767069257593835263e-01 2.488575817612302732e+00 3.042796142869510501e+00
-6.722332930273912766e+00 -1.644500104775743043e+00 -8.453336809260618701e-01 -1.644500104775743043e+00 -2.756488225015759408e+00 1.899919126393998292e+00 -8.453336809260618701e-01 1.899919126393998292e+00 -2.611224689063854409e+00
2.631102106448125255e+00 -2.948454421182640228e+00 -7.891603274464757511e+00 -2.948454421182640228e+00 1.702715740637284147e+00 -2.996805436205598916e+00 -7.891603274464757511e+00 -2.996805436205598916e+00 2.370184659591213716e+00
-1.156033809033928073e+01 1.671487077369807839e+00 -3.442259120728008437e+00 1.671487077369807839e+00 -6.785871858499223919e+00 7.273559590059044844e+00 -3.442259120728008437e+00 7.273559590059044844e+00 -7.857219137150420529e+00
-1.307548495192677862e+01 5.869564313681276957e-01 -1.240503292368608124e+00 5.869564313681276957e-01 -9.708206150327374218e+00 2.958703281091147108e+00 -1.240503292368608124e+00 2.958703281091147108e+00 -1.605618207578052292e+01
-7.462113799456171481e-01 -3.372294349743749198e+00 -5.145258293793753879e+00 -3.372294349743749198e+00 -1.766115740159589914e-02 -1.660041433091038465e+00 -5.145258293793753879e+00 -1.660041433091038465e+00 -1.226705291432544032e+00
5.585242885036602267e+00 2.009202473343199014e+00 -5.002344753517045994e+00 2.009202473343199014e+00 2.041321984133424916e+00 2.207341000264500863e+00 -5.002344753517045994e+00 2.207341000264500863e+00 7.565362472724848075e+00
-1.131118650176944485e+01 -2.945851594973731835e+00 -1.309335349290445816e-01 -2.945851594973731835e+00 -9.875253627067666073e+00 8.086657750533867706e-01 -1.309335349290445816e-01 8.086657750533867706e-01 -7.756522679339664883e+00
-6.488019907936499742e+00 -4.952889029425311840e+00 -4.240100942871937839e+00 -4.952889029425311840e+00 -1.174413532606344646e+01 7.351704297809526223e-02 -4.240100942871937839e+00 7.351704297809526223e-02 -1.052624327829106221e+01
-4.501338497142269190e+00 1.518739214080428335e+00 -1.694124898699067794e+00 1.518739214080428335e+00 1.046668380583153812e+00 5.220611341743248701e-01 -1.694124898699067794e+00 5.220611341743248701e-01 -4.303181970547704793e+00
-1.255306871920993750e+01 -1.166056407467723544e+00 1.133979547676723598e+00 -1.166056407467723544e+00 -1.402905552354126684e+01 -6.014890837011864777e-01 1.133979547676723598e+00 -6.014890837011864777e-01 -1.415703600625385583e+01
-9.433964914512221966e+00 -2.187169002320515254e+00 7.605911289674230913e-01 -2.187169002320515254e+00 -3.876270324693639857e+00 6.694128914562733623e-01 7.605911289674230913e-01 6.694128914562733623e-01 -6.781529466629815595e+00
-1.039312555682731443e+01 -3.638168475704540494e+00 1.893461664800922262e-01 -3.638168475704540494e+00 -7.896037595473931248e+00 -3.422102128639375462e-01 1.893461664800922262e-01 -3.422102128639375462e-01 -1.536239080376224209e+01
-5.361765157021244121e+00 -1.397535808126793677e+00 -4.390982828770471080e+00 -1.397535808126793677e+00 -1.827035004328078083e+00 4.972039845883924336e+00 -4.390982828770471080e+00 4.972039845883924336e+00 5.877489206232346497e+00
-2.870194578815874920e+00 -8.317106015563285881e-01 -2.445933901512821862e+00 -8.317106015563285881e-01 -1.023038847219929970e+01 -1.035749902786816223e+00 -2.445933901512821862e+00 -1.035749902786816223e+00 -2.732018264450518874e+00
-1.198516047455995270e+00 -4.158957314892319346e+00 6.359660171096201964e-01 -4.158957314892319346e+00 7.068071191797528074e-01 -3.772384004263182433e+00 6.359660171096201964e-01 -3.772384004263182433e+00 5.480272231458833687e+00
1.254470857267792505e+00 3.994309081690311736e+00 -3.781619703426712498e+00 3.994309081690311736e+00 8.014460626262128073e+00 1.668571833052186149e+00 -3.781619703426712498e+00 1.668571833052186149e+00 -4.928075562915608110e-01
-4.053041549571705815e+00 3.366890207001330682e-01 3.910424383377627322e+00 3.366890207001330682e-01 -6.314807692209813972e+00 2.423634291136898433e+00 3.910424383377627322e+00 2.423634291136898433e+00 -1.622507406635626426e+00
-1.051522324129219221e+01 2.901707842538483462e+00 -4.062178445996517340e+00 2.901707842538483462e+00 -1.012894350079088390e+01 4.728714120099669849e+00 -4.062178445996517340e+00 4.728714120099669849e+00 -9.624363203431061109e+00
-3.126724303845424213e+00 -1.014940490161357900e+00 -3.403163818429538190e-01 -1.014940490161357900e+00 -3.003009088985249431e+00 -6.077149901925213094e+00 -3.403163818429538190e-01 -6.077149901925213094e+00 -3.959365189313447608e+00
-2.639340278040829713e+00 3.816165155845280488e+00 -2.163001466257063132e+00 3.816165155845280488e+00 -5.815539887015093612e+00 7.766834923320099504e-01 -2.163001466257063132e+00 7.766834923320099504e-01 -1.112588370456711884e+00
1.396137559281957152e+01 4.966452262101948456e+00 -6.028487058801479392e-01 4.966452262101948456e+00 1.996574889999205382e+01 2.409433676578078554e-01 -6.028487058801479392e-01 2.409433676578078554e-01 8.366132435457563687e+00
-1.168136863223756272e+01 -1.804340055899191109e+00 -1.859284015553225533e+00 -1.804340055899191109e+00 -8.708744053772411675e+00 1.896892278954130928e-01 -1.859284015553225533e+00 1.896892278954130928e-01 -1.151487796508496331e+01
-6.823166640012088280e-01 1.394284243053176553e-01 -2.357345757562824828e-01 1.394284243053176553e-01 -4.920122628727151337e+00 -6.837362763571532831e+00 -2.357345757562824828e-01 -6.837362763571532831e+00 2.406397697579816253e+00
-1.281992355235655445e+01 1.367275600089095544e+00 2.517714042467523061e+00 1.367275600089095544e+00 -9.322871200755738386e+00 -6.311574617774371454e-01 2.517714042467523061e+00 -6.311574617774371454e-01 -1.125557716682728149e+01
1.677931461147326615e-03 2.416349782724520168e+00 -2.387092619452508391e+00 2.416349782724520168e+00 6.315091626396688973e+00 6.422651401331093801e+00 -2.387092619452508391e+00 6.422651401331093801e+00 3.245607664813934257e+00
-9.280511510561337829e+00 -2.854247582371144620e+00 -2.724230688673025647e+00 -2.854247582371144620e+00 -6.742566455013437654e+00 -9.982353479447123590e-01 -2.724230688673025647e+00 -9.982353479447123590e-01 -4.070268689263247808e+00
4.583157798232868174e+00 8.183441629434724529e-01 -8.680246842164401899e-01 8.183441629434724529e-01 -1.010626941509062515e+00 1.191258864708393705e+00 -8.680246842164401899e-01 1.191258864708393705e+00 -4.788511829655358043e-01
-6.746694356187690644e+00 2.468446566769426365e-01 -3.245332306117541865e+00 2.468446566769426365e-01 -6.097912158028647722e-01 3.042329359318848958e+00 -3.245332306117541865e+00 3.042329359318848958e+00 6.304245416142226333e+00
-9.027071041885118774e+00 2.078814665680225104e+00 -2.890100543845258052e+00 2.078814665680225104e+00 -4.917057823248600634e+00 -3.469906958375362227e-01 -2.890100543845258052e+00 -3.469906958375362227e-01 -5.409256683689729783e+00
-1.965612699120024587e+01 5.288944963996142778e-01 -2.331930632397818837e+00 5.288944963996142778e-01 -1.509006625988764760e+01 -1.126188773769106977e+00 -2.331930632397818837e+00 -1.126188773769106977e+00 -1.275930994169744892e+01
-1.685171998336684140e+01 -1.458693957019004728e+00 -3.623090274047098713e+00 -1.458693957019004728e+00 -4.612947514265044013e+00 5.257085699798992096e+00 -3.623090274047098713e+00 5.257085699798992096e+00 -7.709305152538886929e+00
-9.004471116467643865e-01 -6.186686532160781127e+00 -4.888587182480029214e-01 -6.186686532160781127e+00 -3.544833860419372318e+00 -9.846576114282993286e-01 -4.888587182480029214e-01 -9.846576114282993286e-01 -2.273082316667616176e+00
2.398259634264320594e-01 -3.911002642555724496e+00 -5.313878565548347810e-01 -3.911002642555724496e+00 1.394174471803387050e+01 3.777264540382488711e+00 -5.313878565548347810e-01 3.777264540382488711e+00 4.893820558685102462e+00
-2.903069139775439567e+00 3.406771675899771701e+00 -4.431067620221494252e+00 3.406771675899771701e+00 -2.661853010929589036e+00 7.840532499912451492e+00 -4.431067620221494252e+00 7.840532499912451492e+00 4.242333562917037226e-01
-5.297592502223711364e+00 -2.338347119314119649e+00 -3.823762782880080646e+00 -2.338347119314119649e+00 -4.955421290237176812e+00 -1.289581519903247209e+00 -3.823762782880080646e+00 -1.289581519903247209e+00 -4.480484458926556890e+00
-9.652642735519512129e+00 3.850814338765528033e-01 1.482538673407855501e-01 3.850814338765528033e-01 -3.442555502377508958e+00 2.940125157384762211e+00 1.482538673407855501e-01 2.940125157384762211e+00 -2.329906086815434207e+00
-6.201383941756203555e+00 -4.636573958950930274e-01 -2.149413996101324775e-01 -4.636573958950930274e-01 7.832530182536371344e-01 4.932990180715473016e+00 -2.149413996101324775e-01 4.932990180715473016e+00 4.175388689815418886e+00
3.086558251145502751e+00 -8.730628902260022528e-01 -4.395384674336872521e+00 -8.730628902260022528e-01 5.541112132970505755e+00 1.859221752690198182e+00 -4.395384674336872521e+00 1.859221752690198182e+00 3.945051085474645003e+00
-1.433055751298955549e+01 -3.290772209713567431e+00 8.613243011278892691e-01 -3.290772209713567431e+00 -9.583694738393898405e+00 2.444688943747086007e+00 8.613243011278892691e-01 2.444688943747086007e+00 -1.238253798850324650e+01
-6.838556241894464094e+00 1.521203418539321062e+00 -4.238050122445040202e+00 1.521203418539321062e+00 -8.443778900214665484e+00 7.201207130464353234e+00 -4.238050122445040202e+00 7.201207130464353234e+00 -2.633800224640337806e+00
-1.485741802839363412e+00 -2.009247654516015946e-01 -1.289800690892759283e+00 -2.009247654516015946e-01 -5.681926965851210598e-01 4.326248046412127124e+00 -1.289800690892759283e+00 4.326248046412127124e+00 -1.927036529757004457e+00
5.338484370598878925e+00 1.896414860480422737e+00 -1.888085009656431446e+00 1.896414860480422737e+00 8.261634646323918751e-01 -1.102367285498966787e+00 -1.888085009656431446e+00 -1.102367285498966787e+00 1.540418084948497190e+00
-1.715033708947201774e+01 1.301280229184953896e+00 6.242573883665494261e-01 1.301280229184953896e+00 -6.151122956315277612e+00 6.910028070128100275e-01 6.242573883665494261e-01 6.910028070128100275e-01 -1.406844921709976326e+01
-1.205201709292113321e+01 2.534770187741000935e+00 -3.855810180618979843e-01 2.534770187741000935e+00 -2.055700002700183937e+00 9.102841388847217052e-01 -3.855810180618979843e-01 9.102841388847217052e-01 -8.807864386484627772e+00
-1.170081156650246790e+01 -2.665609641080798120e+00 -3.647671563002645168e-01 -2.665609641080798120e+00 -9.988977201877322187e+00 1.541745256387724083e+00 -3.647671563002645168e-01 1.541745256387724083e+00 -3.485804632358640465e+00
-9.868781487966096222e+00 5.844647336809341009e-01 1.617692846613715485e+00 5.844647336809341009e-01 -6.041961790059903414e+00 -3.858674602467029313e+00 1.617692846613715485e+00 -3.858674602467029313e+00 -6.414963318464522501e+00
-2.576874334175884407e+00 -2.184603896723563921e+00 3.151339822581735728e+00 -2.184603896723563921e+00 -8.656766770099364905e+00 2.628384828235392323e+00 3.151339822581735728e+00 2.628384828235392323e+00 3.259599340981839344e+00
-1.899556155923748690e+01 -1.726249505764684500e+00 -3.474260131985626998e+00 -1.726249505764684500e+00 -1.450002721358795732e+01 -1.977916097131040329e+00 -3.474260131985626998e+00 -1.977916097131040329e+00 -1.480135510840622715e+01
-8.124811559207623546e+00 -3.910342803359558861e+00 -3.680025882160698814e+00 -3.910342803359558861e+00 -6.515499503074036802e+00 4.563862434365407950e+00 -3.680025882160698814e+00 4.563862434365407950e+00 -7.924158503949201293e-01
2.505085749796184036e+00 9.980566968980896236e-01 9.224097886613077391e-01 9.980566968980896236e-01 -9.251590671732008886e+00 -8.656078088281665694e-02 9.224097886613077391e-01 -8.656078088281665694e-02 1.809334076148643611e+00
-1.177244775146939659e+01 -2.133467281019969519e+00 -3.702467163035898956e+00 -2.133467281019969519e+00 -1.394372435056641280e+01 -6.407724414062344609e-01 -3.702467163035898956e+00 -6.407724414062344609e-01 -1.665225627487923887e+01
-1.328245410647977209e+01 -4.849033208504441639e+00 -9.381848134898090885e-01 -4.849033208504441639e+00 -9.425033050442129579e+00 -2.549860576806348256e+00 -9.381848134898090885e-01 -2.549860576806348256e+00 -1.030291195686651839e+01
-1.086487022133256630e+01 7.507756185368087642e+00 1.188772732276200728e+00 7.507756185368087642e+00 -7.755933726401153194e+00 8.337734686630165371e+00 1.188772732276200728e+00 8.337734686630165371e+00 -3.512703937753035355e+00
-2.484936884810524216e+00 5.093290812212115881e+00 -1.341576692540463078e+00 5.093290812212115881e+00 -5.769136346412790495e+00 1.584754854966866189e+00 -1.341576692540463078e+00 1.584754854966866189e+00 -2.084249813362133441e+00
-1.526903523626090831e+01 -4.000281191703368711e-01 -9.137312851687942050e-01 -4.000281191703368711e-01 -1.430317004767337430e+01 -1.585874708459215521e+00 -9.137312851687942050e-01 -1.585874708459215521e+00 -9.955774791901811582e+00
-7.730385782287856777e+00 -7.901325503183240784e-01 -1.659357595586533840e+00 -7.901325503183240784e-01 -5.607256163990250286e+00 6.317611754950256397e+00 -1.659357595586533840e+00 6.317611754950256397e+00 -5.731747077107183230e+00
-1.508412013785533912e+00 -2.056658721515268962e+00 1.152670029784126138e+00 -2.056658721515268962e+00 -8.354341793349528089e+00 -1.959430864016040053e+00 1.152670029784126138e+00 -1.959430864016040053e+00 -8.069017103302760674e+00
-6.336469627083893386e+00 -2.436066903830096386e+00 -6.124428669618182219e+00 -2.436066903830096386e+00 -5.633385642524695314e+00 -1.797828417250453503e+00 -6.124428669618182219e+00 -1.797828417250453503e+00 -4.214975319336842219e+00
-4.786398940495095289e+00 3.394721186418404590e-01 -2.220673186778049146e+00 3.394721186418404590e-01 -2.835573664241455294e+00 -5.409994714820414163e-01 -2.220673186778049146e+00 -5.409994714820414163e-01 -2.763993980474189538e+00
-6.758447598843162929e+00 -5.514489528578843114e+00 -4.877539805630071168e-01 -5.514489528578843114e+00 -7.032131525398995109e+00 -2.888130132210412482e-01 -4.877539805630071168e-01 -2.888130132210412482e-01 -4.336827366325026190e-01
-2.015334056362401149e+00 -3.189811675833539972e+00 -3.780422510626552768e+00 -3.189811675833539972e+00 -3.061101091801840646e+00 -1.731983178374524091e+00 -3.780422510626552768e+00 -1.731983178374524091e+00 -8.287119788299718293e-01
-1.093286734166387930e+01 -1.762617698692147794e+00 -1.136728965828162297e+00 -1.762617698692147794e+00 -1.029568497561377427e+01 -2.216558711023972617e+00 -1.136728965828162297e+00 -2.216558711023972617e+00 -4.604623311510802175e+00
-5.331285783810066903e+00 -3.689338282842654859e+00 2.334647624064403459e-01 -3.689338282842654859e+00 -7.004254072694672040e+00 -2.748313573394457698e+00 2.334647624064403459e-01 -2.748313573394457698e+00 -4.399940483062487750e+00
-1.030360992760916439e+01 -1.052197182976648326e+00 -3.113478330901901514e-01 -1.052197182976648326e+00 -9.109999647222354113e+00 3.095089129173074216e+00 -3.113478330901901514e-01 3.095089129173074216e+00 -1.097070101966574285e+01
6.798795313169699206e+00 5.804890114479486662e+00 1.169826603593948189e+00 5.804890114479486662e+00 6.832103389343051614e-01 7.244410403983371438e+00 1.169826603593948189e+00 7.244410403983371438e+00 2.111942577326883619e+00
2.939921730580982384e+00 1.458840508066208685e-01 2.066103481365820560e+00 1.458840508066208685e-01 -4.026383763888373435e-02 -2.062419667254339561e+00 2.066103481365820560e+00 -2.062419667254339561e+00 2.558228468711706061e+00
-6.676135352770574016e+00 1.052320175669160252e+00 -7.994240701502408619e-01 1.052320175669160252e+00 -5.195294369773961307e+00 -5.922959672026828493e-01 -7.994240701502408619e-01 -5.922959672026828493e-01 -8.449240536185028461e+00
-6.658258642740578104e+00 2.611064404646316728e+00 -3.952051946427844964e+00 2.611064404646316728e+00 2.002035308934663416e+00 7.065064992314441739e+00 -3.952051946427844964e+00 7.065064992314441739e+00 -2.096253339128796078e+00
-1.132853418652468314e+01 -6.691335519074431026e+00 -2.146606325333592302e+00 -6.691335519074431026e+00 -7.766760443775274858e+00 -5.157578088823283835e+00 -2.146606325333592302e+00 -5.157578088823283835e+00 -1.086597145115461771e+01
4.840879674069748506e-01 -2.997775458544226446e+00 -1.306155496184514764e+00 -2.997775458544226446e+00 -7.425719930572085126e+00 8.849262047789094865e-01 -1.306155496184514764e+00 8.849262047789094865e-01 -3.516445250742228357e+00
-3.421701771914158474e+00 6.204631495357022519e-01 1.528341130992460162e+00 6.204631495357022519e-01 -3.306094225666141639e+00 2.704866750092113303e+00 1.528341130992460162e+00 2.704866750092113303e+00 -3.121039658507651637e+00
-1.075413724734822196e+01 1.741366028685535638e-01 -1.055912358955354513e+00 1.741366028685535638e-01 -1.144180841448057251e+01 -1.718967728503658865e+00 -1.055912358955354513e+00 -1.718967728503658865e+00 -6.885355707405435233e+00
-6.230508388283822363e+00 -4.981872171949864203e+00 -1.641771326707566647e+00 -4.981872171949864203e+00 -9.512351014737086885e+00 6.110796003362546636e-02 -1.641771326707566647e+00 6.110796003362546636e-02 1.745803675714583614e+00
-3.956389039605622049e+00 3.879606060568536741e-01 -1.328545619903572117e+00 3.879606060568536741e-01 1.515884581415002652e-01 -4.263196987875085497e+00 -1.328545619903572117e+00 -4.263196987875085497e+00 -7.599389695386013166e+00
-4.458665880010808102e+00 6.385917371693869526e+00 3.581823267329125038e+00 6.385917371693869526e+00 -9.112275541399926126e+00 5.559856666905622191e+00 3.581823267329125038e+00 5.559856666905622191e+00 2.194101943812976074e-01
-5.336270357460538349e+00 -2.453485249498719600e+00 -4.547186404111871028e+00 -2.453485249498719600e+00 -3.674616162594568802e+00 -3.352534204913928950e-01 -4.547186404111871028e+00 -3.352534204913928950e-01 -5.008490514797134807e+00
-8.703157474500319069e+00 -4.709522476847351480e-01 -3.852694163673696881e+00 -4.709522476847351480e-01 -5.522613931197879467e+00 3.546440146704381569e+00 -3.852694163673696881e+00 3.546440146704381569e+00 -6.987562580857038519e+00
-3.704263295720786164e+00 -3.551224449000241368e+00 -2.955598333667725175e+00 -3.551224449000241368e+00 -5.838572845391940547e+00 -2.651409096973014190e+00 -2.955598333667725175e+00 -2.651409096973014190e+00 -9.010686965047122854e+00
-4.294783123368532074e+00 -3.640811710824784164e+00 1.022702515224911402e+00 -3.640811710824784164e+00 -4.407880962716344442e+00 -1.358273006864098464e+00 1.022702515224911402e+00 -1.358273006864098464e+00 -3.463929442556741289e+00
-4.779445388738147393e+00 -1.329097828378788870e+00 3.114527605120787079e+00 -1.329097828378788870e+00 -7.133009049472729401e+00 -1.651028283314365686e+00 3.114527605120787079e+00 -1.651028283314365686e+00 -4.638166444265964472e+00
-7.070097237935829559e-01 -1.481247643260353408e+00 2.063230128446662093e+00 -1.481247643260353408e+00 3.120272457229803731e+00 -2.578514612876755319e+00 2.063230128446662093e+00 -2.578514612876755319e+00 -3.498324823983488541e-01
-5.024986677225034448e+00 1.390462693345521084e+00 -4.372039582828908699e+00 1.390462693345521084e+00 -8.324278694394056544e+00 3.532275202525683611e+00 -4.372039582828908699e+00 3.532275202525683611e+00 -2.035633312930009264e+00
-1.274551861316461654e+01 -5.570722693594775343e+00 -1.929717725912516002e+00 -5.570722693594775343e+00 -7.402777411124186635e+00 -5.430460081436179198e-01 -1.929717725912516002e+00 -5.430460081436179198e-01 -1.070999050017094412e+01
-1.978211479178586307e+00 -2.658645055487143249e+00 -5.171843156843086931e+00 -2.658645055487143249e+00 3.512078161905110019e+00 3.349165373973468363e+00 -5.171843156843086931e+00 3.349165373973468363e+00 2.487996123112375280e+00
-1.637284280843152828e+01 3.363342181453170099e+00 1.341448145469046616e-01 3.363342181453170099e+00 -1.427821547406742653e+01 -2.793646371316842458e-01 1.341448145469046616e-01 -2.793646371316842458e-01 -1.826738781100070597e+01
-7.092717643173730657e+00 -3.806851169804249813e-02 -3.010234249308973542e+00 -3.806851169804249813e-02 -5.344212872555203830e+00 3.084978649730791833e+00 -3.010234249308973542e+00 3.084978649730791833e+00 -7.184011525619942162e+00
-1.235500713610445445e+01 -4.215755586767116370e+00 -1.823247018694751809e+00 -4.215755586767116370e+00 -9.818590725038621514e+00 -6.593121155308916848e+00 -1.823247018694751809e+00 -6.593121155308916848e+00 -1.242393619209693334e+01
-1.423998493345958494e+01 -4.159041431805017730e+00 -3.344209314481371820e+00 -4.159041431805017730e+00 -1.371301713058831417e+01 -1.399010169768431844e+00 -3.344209314481371820e+00 -1.399010169768431844e+00 -1.178973209508191644e+01
-1.803420851161814653e+01 -2.102028604972990156e+00 2.793318988242267320e+00 -2.102028604972990156e+00 -7.452565223964808361e+00 -1.040946421825817758e+00 2.793318988242267320e+00 -1.040946421825817758e+00 -2.545870716265394407e+00
-1.385569938379596344e+01 -1.969791671181903681e+00 -2.399094351132601055e+00 -1.969791671181903681e+00 -6.653821399216976573e+00 -1.067198092200025150e-01 -2.399094351132601055e+00 -1.067198092200025150e-01 -8.992945274876875672e+00
-4.336638000720212105e+00 1.080062081828682796e+00 -2.281152107281957608e+00 1.080062081828682796e+00 2.989924176582529070e-01 -8.273999253875512494e-01 -2.281152107281957608e+00 -8.273999253875512494e-01 4.012608535440081448e-01
-8.907297592124745478e+00 -4.418005225758114829e-01 -4.404609630839820156e+00 -4.418005225758114829e-01 -1.882145282162055677e+00 -4.927722591498941429e-01 -4.404609630839820156e+00 -4.927722591498941429e-01 -7.537319828448156400e+00
-5.693664629517591003e+00 -7.291550255177912110e-01 -3.734691340692839617e-02 -7.291550255177912110e-01 -8.534909766082384053e+00 3.172423184478397745e-02 -3.734691340692839617e-02 3.172423184478397745e-02 -1.312954528077223237e+01
-2.704320474245915928e+00 -1.496442883364169085e-01 -3.910589068111321787e+00 -1.496442883364169085e-01 9.363981822331952642e+00 -9.848726219679830862e-01 -3.910589068111321787e+00 -9.848726219679830862e-01 8.987940557265190478e+00
-1.247375826311029456e+01 -4.766814389136031060e+00 -2.409364219812407004e+00 -4.766814389136031060e+00 -8.527024229609374117e+00 3.244291401199655311e+00 -2.409364219812407004e+00 3.244291401199655311e+00 -5.865996749474720495e+00
-7.357656917967269727e+00 3.634925870225551581e+00 -3.125319515821825878e+00 3.634925870225551581e+00 -1.054772426451490297e+01 -5.436313911720133119e-01 -3.125319515821825878e+00 -5.436313911720133119e-01 -7.062218913567857470e+00
-1.025738197572196597e+01 -4.266590226735840652e+00 -3.167042902176670616e+00 -4.266590226735840652e+00 -3.122418374013894216e+00 -3.989002575387725069e-01 -3.167042902176670616e+00 -3.989002575387725069e-01 -1.213409654587013087e+01
-1.199047719889845043e+00 2.781627762327551157e+00 -3.421914540136806515e+00 2.781627762327551157e+00 3.303302238244182898e-01 2.213044774496593980e+00 -3.421914540136806515e+00 2.213044774496593980e+00 -5.142927528733143738e+00
-4.924569748813815373e+00 -3.416315709882094431e+00 1.522665001009150920e+00 -3.416315709882094431e+00 -7.115756662305392943e+00 -9.718883480260736007e-01 1.522665001009150920e+00 -9.718883480260736007e-01 -5.112612194615320682e+00
-5.137452145061224051e+00 4.400004955615210100e+00 2.028571049009475935e+00 4.400004955615210100e+00 -3.166221344982877994e+00 3.652556347243010482e+00 2.028571049009475935e+00 3.652556347243010482e+00 -1.369985322201707767e+00
-9.566173072786373410e+00 2.152678326822168753e+00 -3.227163058311154575e+00 2.152678326822168753e+00 -1.003502990192535549e+01 1.936432751627981785e+00 -3.227163058311154575e+00 1.936432751627981785e+00 -1.591915582865723344e+01
-6.222095793725394230e+00 4.177682185988749630e+00 -3.750209423358002780e+00 4.177682185988749630e+00 -1.628557360006668731e+00 4.871954980907863053e+00 -3.750209423358002780e+00 4.871954980907863053e+00 -4.562058091736743037e+00
-1.315373671112732801e+01 -4.895712726482801536e+00 -1.842161296313865826e+00 -4.895712726482801536e+00 -8.998539556487440194e+00 1.228109349763629066e+00 -1.842161296313865826e+00 1.228109349763629066e+00 -1.349328848930680103e+01
-1.557945225793856459e+01 2.276632257592593245e+00 2.888062830116843838e+00 2.276632257592593245e+00 -1.352262705468490900e+01 -1.012113401188417194e+00 2.888062830116843838e+00 -1.012113401188417194e+00 -1.074999484893820245e+01
-1.259334470210377432e+01 4.681320540780286588e-01 -1.029245208714744120e+00 4.681320540780286588e-01 -1.734283914905855895e+01 2.316140671833529563e+00 -1.029245208714744120e+00 2.316140671833529563e+00 -1.359339208680002820e+01
1.132750964381486547e+01 5.400370268352314151e-02 3.990101170904318373e+00 5.400370268352314151e-02 1.129871450063826188e+01 2.607958696955718914e-01 3.990101170904318373e+00 2.607958696955718914e-01 1.303694861637121249e+01
-9.473505751632462335e+00 -4.162465732712063549e+00 -1.431731041625268430e+00 -4.162465732712063549e+00 -4.855759103756670747e+00 6.044523381056441519e-02 -1.431731041625268430e+00 6.044523381056441519e-02 -1.384102109665479929e+01
-6.807340700640715170e+00 -1.392431000468937974e+00 9.107914070985533017e-02 -1.392431000468937974e+00 -2.577790834687490040e-01 3.804658306015097136e+00 9.107914070985533017e-02 3.804658306015097136e+00 -2.108278175674382471e+00
-3.768809611986731589e+00 -3.550772483672155477e+00 -2.512984624956237312e+00 -3.550772483672155477e+00 -1.730823165379465678e+00 -4.389317849485783185e+00 -2.512984624956237312e+00 -4.389317849485783185e+00 -1.399648903255661381e+00
1.245444157331511725e+01 2.964767675363668697e+00 -3.231894976661603192e+00 2.964767675363668697e+00 7.256087739266058101e+00 5.914147816331183805e+00 -3.231894976661603192e+00 5.914147816331183805e+00 8.815090010590905578e+00
-1.762162818434382672e+01 -4.019679009800417591e-01 8.647161442915008989e-01 -4.019679009800417591e-01 -1.039106154921556069e+01 9.884725362006212990e+00 8.647161442915008989e-01 9.884725362006212990e+00 -7.804062801163959229e+00
3.018449551645594031e+00 -6.928235237853664907e-01 5.905802368045021566e+00 -6.928235237853664907e-01 -4.213631413819946658e+00 -1.630065039067066346e+00 5.905802368045021566e+00 -1.630065039067066346e+00 4.361212225078210381e+00
5.695756315131877967e-01 4.826354212721435388e+00 -4.126614134298367986e+00 4.826354212721435388e+00 -7.787342091922049292e+00 4.166950887777044699e+00 -4.126614134298367986e+00 4.166950887777044699e+00 -2.697501840017879626e+00
-7.262166310455039131e+00 5.699082886917102186e+00 -7.129012250364998415e+00 5.699082886917102186e+00 -5.698113565174797834e+00 4.461621214796003265e+00 -7.129012250364998415e+00 4.461621214796003265e+00 -5.921112285680574239e+00
-1.309200114882682087e+01 -4.597511057950978142e-01 -4.898764746815708726e+00 -4.597511057950978142e-01 -8.825301435200962885e+00 -1.845229917000530961e-01 -4.898764746815708726e+00 -1.845229917000530961e-01 -4.979397794364386343e+00
-1.107391789720337272e+01 2.016400331270433277e+00 -1.087911121414202986e+00 2.016400331270433277e+00 -3.254428264366031609e+00 1.059096522762857484e+00 -1.087911121414202986e+00 1.059096522762857484e+00 -7.814554068206955861e+00
8.591175506471399714e+00 1.091954851315711128e+00 -3.034298483764204413e+00 1.091954851315711128e+00 1.438558476814441711e+00 1.805120666837341514e-01 -3.034298483764204413e+00 1.805120666837341514e-01 1.067659855557092285e+01
-2.525038747642543768e+00 3.956141639507584795e+00 -1.410001125430087487e+00 3.956141639507584795e+00 -3.566116984634844833e+00 -1.285082541421597613e+00 -1.410001125430087487e+00 -1.285082541421597613e+00 -9.128706721919268574e+00
3.989769458587673512e+00 -1.244081362263871116e+00 -7.028786482366432331e+00 -1.244081362263871116e+00 4.712187872652753740e+00 -1.091182571294322612e+00 -7.028786482366432331e+00 -1.091182571294322612e+00 5.665924369949125072e+00
-1.447119937041767734e+01 3.706902666326692408e+00 -4.342057929513731374e+00 3.706902666326692408e+00 -1.218644731759673938e+01 1.486486130872725298e+00 -4.342057929513731374e+00 1.486486130872725298e+00 -1.159724599538610867e+01
-3.407591956169103486e+00 4.131393693032304526e+00 -1.706890694001262698e+00 4.131393693032304526e+00 -5.127220698695499124e+00 2.314462292953079370e+00 -1.706890694001262698e+00 2.314462292953079370e+00 -3.138903462646842613e+00
-1.502344508739418316e+01 -1.377136165008485236e+00 -1.415800965877189510e+00 -1.377136165008485236e+00 -7.894204143425204379e+00 5.604729562378543584e+00 -1.415800965877189510e+00 5.604729562378543584e+00 -1.150538193545769516e+01
-4.560338633932888186e+00 3.978189133739012284e+00 -1.477874760861271453e+00 3.978189133739012284e+00 -5.939670912138217851e+00 -1.670886052436852065e+00 -1.477874760861271453e+00 -1.670886052436852065e+00 -3.610314347116716505e+00
-8.515324464120052284e+00 5.429688700279515778e-01 -2.802931261722345635e+00 5.429688700279515778e-01 -4.408459256148530514e+00 -3.749371555027853464e+00 -2.802931261722345635e+00 -3.749371555027853464e+00 -6.328274260352660718e+00
-3.613611137727304357e+00 -1.966085671830463566e+00 -3.512292236913261423e+00 -1.966085671830463566e+00 -2.650280451401297643e+00 -4.956109149600925745e-01 -3.512292236913261423e+00 -4.956109149600925745e-01 -2.754393626823342434e+00
-6.569315613171000656e+00 4.990570102020487120e+00 -1.682022848500360990e+00 4.990570102020487120e+00 -1.064766500742805810e+01 2.840108309298763345e+00 -1.682022848500360990e+00 2.840108309298763345e+00 -8.922992043064066792e+00
-2.831592268485883412e+00 3.516633988646108433e-01 -9.247705781463382291e-01 3.516633988646108433e-01 -3.451735996133267648e+00 3.848868499702827739e-01 -9.247705781463382291e-01 3.848868499702827739e-01 -5.684734239597608152e+00
-5.039485799278941691e+00 -1.642252721735949772e-02 -3.088771034428786422e+00 -1.642252721735949772e-02 -9.442331485372161382e+00 3.848238847554780850e+00 -3.088771034428786422e+00 3.848238847554780850e+00 -9.670670219150126812e+00
-1.044711632157684988e+01 1.905239649700365134e-01 -1.509689769083461641e+00 1.905239649700365134e-01 -1.404570585947184647e+01 1.069511494900209581e+00 -1.509689769083461641e+00 1.069511494900209581e+00 -8.938599996867386821e+00
-1.000870088060488605e+01 1.769835767982252062e+00 -1.129546103616813957e+00 1.769835767982252062e+00 -9.366096088827841726e+00 3.125148375313973048e+00 -1.129546103616813957e+00 3.125148375313973048e+00 -1.111240232896861180e+01
1.212605870984674095e+00 3.202829478780524486e+00 2.210966590690342515e-01 3.202829478780524486e+00 2.116026481238159285e+00 -4.187887327483171829e-01 2.210966590690342515e-01 -4.187887327483171829e-01 1.391615065283234420e+00
-1.217867659132526015e+01 -7.669864671972717041e-01 2.606465365333137107e+00 -7.669864671972717041e-01 -1.765641165248469235e+01 1.149905706818747653e-01 2.606465365333137107e+00 1.149905706818747653e-01 -1.047610124971857459e+01
-9.261382592958554483e+00 -2.088763099830573289e+00 -2.584816407182959797e+00 -2.088763099830573289e+00 -2.026425890170125310e+00 2.012376032036660989e-01 -2.584816407182959797e+00 2.012376032036660989e-01 -5.658199873642701938e+00
-1.259066960864850948e+01 5.408546591755188260e+00 -6.405869630735714360e+00 5.408546591755188260e+00 -1.323909653400686359e+01 1.475450240982578709e+00 -6.405869630735714360e+00 1.475450240982578709e+00 -1.457709125768985459e+01
-1.341156649287477087e+01 -7.166664461451254242e-01 -5.835501194282185500e-01 -7.166664461451254242e-01 -1.072289186906243330e+01 5.284215445515584086e+00 -5.835501194282185500e-01 5.284215445515584086e+00 -1.163621116256555155e+01
1.014089279191982129e+01 -4.965416557694746658e+00 8.326838084052547995e-01 -4.965416557694746658e+00 -2.096445439254520871e+00 -4.565288031252717538e+00 8.326838084052547995e-01 -4.565288031252717538e+00 3.820050230063262831e+00
-5.745854812580646787e+00 4.383828449906569169e+00 -3.215546215457644408e+00 4.383828449906569169e+00 3.231035817782184516e+00 2.621648117697652491e+00 -3.215546215457644408e+00 2.621648117697652491e+00 4.972415609786482449e+00
-1.390447196620486991e+01 -1.724344236097255179e+00 -4.005429725979785083e+00 -1.724344236097255179e+00 -9.790499999302390677e+00 4.760884682668263257e-01 -4.005429725979785083e+00 4.760884682668263257e-01 -1.142784833186908600e+01
